N=4
K= 2 + 1
For Disjointness: 
q= 0.29141621198097245*Pdisj
q= 0.2914163496795834*Pdisj

